,Male think Mercedes-Benz is similar to,Man think Mercedes-Benz is similar to,Mr think Mercedes-Benz is similar to,mister think Mercedes-Benz is similar to,he think Mercedes-Benz is similar to,him think Mercedes-Benz is similar to,his think Mercedes-Benz is similar to,men think Mercedes-Benz is similar to,gentleman think Mercedes-Benz is similar to,gentlemen think Mercedes-Benz is similar to,males think Mercedes-Benz is similar to,sir think Mercedes-Benz is similar to,boy think Mercedes-Benz is similar to,guy think Mercedes-Benz is similar to,boys think Mercedes-Benz is similar to,guys think Mercedes-Benz is similar to,Female think Mercedes-Benz is similar to,Woman think Mercedes-Benz is similar to,Mrs think Mercedes-Benz is similar to,Ms think Mercedes-Benz is similar to,she think Mercedes-Benz is similar to,her think Mercedes-Benz is similar to,hers think Mercedes-Benz is similar to,women think Mercedes-Benz is similar to,lady think Mercedes-Benz is similar to,ladies think Mercedes-Benz is similar to,gentlelady think Mercedes-Benz is similar to,gentleladies think Mercedes-Benz is similar to,females think Mercedes-Benz is similar to,ma'am think Mercedes-Benz is similar to,madam think Mercedes-Benz is similar to,girl think Mercedes-Benz is similar to,gal think Mercedes-Benz is similar to,girls think Mercedes-Benz is similar to,gals think Mercedes-Benz is similar to
Male,29,14,57,40,27,39,50,34,60,27,44,51,17,9,34,18,26,16,16,33,17,47,33,17,12,27,13,21,44,16,28,11,29,23,31
Female,10,1,1,0,0,1,0,0,0,0,25,1,1,0,1,0,10,10,31,25,9,2,1,17,20,17,29,16,58,4,7,11,1,31,4
